.Random.seed <-
c(403L, 10L, -553537904L, 1846447470L, 72915737L, 1721098155L, 
-185467494L, -1903416996L, 1958412383L, -1458016203L, -1191050292L, 
1951500066L, -189728387L, -772197769L, -922285154L, -210027944L, 
-539216965L, -1229449895L, 1041575656L, 1950666518L, 1745223825L, 
1306099011L, -1371240366L, -1009452316L, 1164762407L, 920356221L, 
266308724L, -1880713638L, -689548635L, 826407103L, 490507078L, 
170932688L, -976450573L, -2074184943L, -438680768L, 1814039326L, 
-141274135L, -492127973L, -620047574L, 1141380172L, -667591665L, 
1009325893L, 622575868L, 330870610L, -1684299571L, 1361416327L, 
-1262169234L, 1581213000L, -2105847477L, -849189719L, 1960293880L, 
1293745446L, -673178047L, -58140717L, 688016770L, -398450252L, 
1892617527L, 1058342957L, 1288156484L, 599372394L, -1644847915L, 
-2000143761L, -469815434L, 1641689248L, 443410787L, -1018623487L, 
-1776682640L, 1838311694L, 700152697L, 191804171L, 802012218L, 
410803004L, -1954967425L, 420836309L, -1569890836L, -1828262078L, 
2131873949L, -1997223657L, -801685378L, -501671880L, -76435685L, 
1575861369L, 232432840L, -900594442L, -1644784335L, -606567069L, 
-527612110L, -191197052L, -678892345L, -1511571555L, 1706183444L, 
972659130L, 52457477L, 8824287L, 1155332198L, 1501136880L, -1782214381L, 
1591774897L, -178378400L, -1433944322L, 524130953L, -483035717L, 
-870297718L, 395277932L, -1741322257L, -337067995L, 317051100L, 
1202058930L, -42223187L, -348009113L, -1039844722L, 875438952L, 
-1886094485L, -1110825719L, -469427304L, 1292982982L, -1898233823L, 
-392887117L, 1351743010L, 1015531540L, 577236119L, 1352074893L, 
-849238108L, -691480182L, -1873615371L, 1273550927L, 937512790L, 
285533696L, -807897277L, 1975594721L, 1796729936L, 1492251822L, 
41218137L, 1601892459L, 2094024154L, 1628860060L, 2119336095L, 
-2044486923L, 1831888780L, -2140182942L, 138426941L, -580918089L, 
-1187767458L, 949255832L, -951910917L, 1754914713L, 87644200L, 
-69500714L, 315655505L, 1735062531L, 1633270674L, -508913372L, 
1731665895L, 21988413L, 407163572L, 1874911514L, 449155685L, 
97433343L, -152818810L, 354184464L, 1920943539L, -673221039L, 
746468864L, -362212642L, 1655767337L, 507915483L, -2054431766L, 
-521294964L, -1809257265L, -437201787L, 1255792444L, -1500701166L, 
357301517L, -727759289L, -907576274L, 1218830728L, -1334200181L, 
394433129L, 1580633656L, 202082022L, 1443127937L, -282800621L, 
-1999210046L, -2084523404L, -973794185L, 638483821L, -667082236L, 
-160284374L, 1039627925L, 957308207L, -160438218L, 506838112L, 
2042491555L, -201398847L, -1583877712L, 902869198L, -2125943239L, 
321736779L, 657891834L, -1313923844L, -543264449L, -45920747L, 
1104694572L, 1034485250L, 482698461L, -867549225L, 981179070L, 
-91841288L, 1481933531L, 1594292537L, 1126415496L, -242906058L, 
-1988339599L, 798173859L, -1591652366L, -1896340668L, 1291037703L, 
2066614749L, -924600620L, -1610229254L, -49449659L, -1651269217L, 
-740162778L, 800136112L, 1282443347L, 1918239601L, -2129325408L, 
-1920268738L, -1161679543L, 289795624L, 1865926924L, -1159292996L, 
2012510514L, 716726464L, -1031105996L, -639374648L, -1171387718L, 
1096995984L, 20027116L, 1562115668L, -359569774L, 600778528L, 
-1493919796L, 2074476768L, -1101160766L, -1264634840L, 404855724L, 
-165479748L, 1155639794L, 1833727536L, -1490495580L, -2062020168L, 
1105511258L, -323677040L, -351917188L, 1633060628L, 494906690L, 
-1435398400L, 1185338300L, 1978208080L, -1123571422L, 736731720L, 
1130360844L, 718345308L, -1111445038L, 1361468928L, 1831371092L, 
721187048L, 1192780026L, -1654397232L, 1182667052L, 1153687796L, 
1255574930L, 988887392L, 179353612L, 2043101920L, -1760941470L, 
-1383243096L, 1439844940L, 447475580L, -1700915918L, -1693809040L, 
-1735306428L, -994539560L, 538150778L, -384813520L, 733882300L, 
1652160084L, -1190129598L, 882675872L, 726808252L, -566425136L, 
-814521502L, 1687298792L, 40198348L, -1902091780L, 1420702194L, 
-2146596224L, 196091380L, 310769288L, 269319994L, 918328144L, 
-1275188116L, -363675244L, -647351214L, 1699586528L, -722076468L, 
1245619360L, 1018434946L, -121911064L, -944998676L, 1448645948L, 
-1936700302L, 420096112L, -1246494684L, 1858186296L, -67612902L, 
-1798304560L, 2058772284L, -1605105772L, 1944040322L, -419239488L, 
2096266812L, 710886800L, 1750015522L, 1775740168L, -540160372L, 
-487129316L, -725327726L, 1248000384L, 16426516L, 1415266088L, 
-1294009798L, -1601012272L, 1619519852L, 364692404L, -1875494894L, 
821491168L, 1237116876L, 297468128L, -1236289502L, 1562943784L, 
1689378316L, 381773628L, -842013710L, -1487717648L, 16272964L, 
-1993358760L, 860024634L, 747136496L, -416442692L, 1636202772L, 
1495646914L, -1110600608L, 143270780L, 1778890704L, 742678818L, 
-1232102744L, 282581900L, -1117374276L, 1291669298L, -1575204288L, 
1419730100L, -1345650104L, -336304710L, -653942256L, -1912491284L, 
-716054188L, -1546264302L, 1011371424L, 670630604L, 1746574944L, 
1143076802L, -840038616L, -457478228L, -1214594244L, 968092018L, 
-1348642000L, -560280284L, -540480712L, 1144684250L, -648886384L, 
1798622972L, -1911411820L, 1032749122L, 723318016L, 1298138172L, 
-1118535344L, -329723742L, -1015512760L, -1386260724L, -1234558244L, 
978758994L, 1708639360L, -2053128108L, 986845160L, -893810438L, 
-1608389808L, -1249378516L, -500709004L, -1853985902L, 1117079648L, 
30207372L, 1137695584L, 692050402L, -490163288L, 887108812L, 
-1308680196L, -1217681998L, 2054133232L, -1737733180L, 924599640L, 
407230842L, 483066800L, -170251844L, -2025940908L, 1756444610L, 
1689382944L, 1416976572L, -2033765808L, -92507166L, 768229480L, 
1391854668L, 501954812L, 842664946L, -181679872L, -449683084L, 
2039720968L, -1768611910L, -1767591472L, 982170604L, -64962156L, 
-1899802158L, -740593312L, -453513396L, -1775109856L, 1047003010L, 
-1259344152L, -1536605972L, 831910972L, 1138424690L, 1891393136L, 
-728148956L, -1618515144L, 344779930L, 28717776L, -1423433540L, 
1723526804L, -826272126L, 999925952L, 595141436L, -893887344L, 
1679040034L, 333189128L, -14123764L, 915909788L, 1500357569L, 
-1810153146L, -1668222844L, -1715816907L, 2104671775L, 1646717304L, 
-889001898L, 1858708707L, 720114341L, -1079816382L, 711544112L, 
1589669209L, 2040561355L, 1398462268L, 397819754L, 2090061215L, 
-1882495959L, -1682164034L, -811911252L, -1414914819L, 1301006407L, 
1563883312L, -878120882L, -101180293L, -608628771L, 1064263178L, 
1386799912L, -159494767L, -1327254653L, -1356957564L, 2142344882L, 
111847943L, 1999043153L, -338914858L, 1589132468L, 486115525L, 
475355663L, -1803668856L, 1586456486L, -1313452205L, -1600204619L, 
-359002606L, 1738222560L, -2002739639L, 1866824827L, -566182580L, 
2126858458L, 258193615L, -965245799L, -1760483154L, 881464764L, 
1713843757L, -468932137L, 2040479776L, -739924610L, -337241269L, 
-1780244147L, -142065798L, 1807126968L, 726766433L, 1101161235L, 
-1155089612L, -1160832702L, 658210135L, 1275746465L, -504008346L, 
-1019108508L, -622589291L, -854111297L, -909942952L, 1384215926L, 
-1958062205L, 1247555013L, 47035106L, -1923253424L, 1320814201L, 
28731819L, 1659600668L, 1112574026L, -1596490689L, -764257143L, 
1257339038L, 1952355660L, 1490875677L, 1151340711L, 1941299152L, 
715069294L, 1749392923L, -1077532803L, -283431574L, -294435832L, 
-39121743L, -870929629L, -327624668L, 1698994898L, -743600345L, 
316150129L, 1257494454L, -1699034284L, 708400613L, 929886191L, 
-1473736920L, 1268414342L, 753943475L, -1848171755L, -525419150L, 
1748976064L, 2069746217L, 820450971L, -1964032148L, 968599418L, 
400818351L, 2003106745L, -403206706L, 588298524L, 196160653L, 
-760422153L, -871756800L, -1009881506L, -1305259733L, 1643622957L, 
1528181402L, 1467453016L, -2135911999L, -1693204877L, -1012974700L, 
25539106L, -1038951113L, -1622238207L, -1974566650L, -764263100L, 
-1372354443L, -880457249L, -708700872L, -1138858218L, 798566179L, 
-1288522523L, 1714802946L, -2098085008L, 365329177L, 948624139L, 
-153753604L, 1535108138L, -722737057L, -1360969751L, 1818288382L, 
